注意事项：
本程序需要安装numpy库和opencv库
在使用本程序时，导入的图片根据在魔方的位置命名为forward, back, left, right, up, down，格式为jpg。
图片具体要求：用固定的手机拍摄，或者拍摄出来的像素相同（目前是864*1920），拍摄时手机上边左右两边贴着魔方的边缘，亮度要高，太低会影响识别。

魔方上各种颜色的RGB值范围及抽样的数据
白色：				
220 227 212
219 223 211
219 223 211
220 224 212
218 222 210
219 223 211
215 219 207
215 219 207
215 219 207

绿色：>20&<200  >200  >0&<150
174 242 123
133 249 42
131 246 35
129 243 29
126 244 27
123 244 22
118 240 15
120 245 19
120 244 20

蓝色： >230  >170 <100
255 212 50
251 204 28
255 204 17
255 202 9
254 200 5
251 197 2
250 197 0
249 194 1

黄色：>50&<100  >210&<255 >220&<255
81 220 233
70 218 234
70 217 233
67 214 230
66 213 229
66 214 230
64 215 230
59 213 226
57 212 227
55 210 225

红色： >100&<160  >95&<160  >240
108 126 246
132 121 253
132 121 255
132 121 253
123 109 251
120 107 252
113 102 248
111 99 247
111 100 250
113 101 251

橙色：>60&<90  >140&<160  >245
82 152 253
88 151 255
88 151 255
83 148 253
77 145 252
77 145 250
75 144 253
73 144 255

RGB范围难改，而且还会亮度对其干扰很大，改用HSV。
RGB和CMY颜色模型都是面向硬件的，而HSV（Hue Saturation Value）颜色模型是面向用户的。（源自百度百科）
HSV效果很好，亮度的干扰较小。用windows画图程序调色时需注意该程序HSV最高为240 240 240而opencv库的HSV为360° 100% 100%
HSV范围（其中SV的范围为0~255，与程序换算关系为S /= 255，V /= 255）：
白色：0~360   0~30  170~255              F
红色：0~10   43~255  46~255              R
橙色：10~40   43~255  46~255            L
黄色：40~80   43~255  46~255            B
绿色：90~150   43~255  46~255          D
蓝色：150~240   43~255  46~255        U
BDFLRU
由于某种原因，网上搜索的HSV对照表范围与本程序实际运行不符，且差别极大（或许不是单位不是° 是别的）。
